1454467 0.036018
1453924 0.037710
Finish
Successes/Runs = 0/10000 
Cost.min = 1453924, Cost.avg = 1453924.07, Cost.max = 1454467
Gap.min = 0.0000%, Gap.avg = 0.0000%, Gap.max = 0.0373%
Trials.min = 103, Trials.avg = 103.0, Trials.max = 103
Time.min = 0.01 sec., Time.avg = 0.03 sec., Time.max = 0.05 sec.

