825329 0.017134
825328 0.037137
Finish
Successes/Runs = 0/10000 
Cost.min = 825328, Cost.avg = 825328.57, Cost.max = 825329
Gap.min = 0.0000%, Gap.avg = 0.0001%, Gap.max = 0.0001%
Trials.min = 67, Trials.avg = 67.0, Trials.max = 67
Time.min = 0.01 sec., Time.avg = 0.02 sec., Time.max = 0.03 sec.

