716132 0.015058
716131 0.108484
Finish
Successes/Runs = 0/10000 
Cost.min = 716131, Cost.avg = 716131.95, Cost.max = 716132
Gap.min = 0.0000%, Gap.avg = 0.0001%, Gap.max = 0.0001%
Trials.min = 61, Trials.avg = 61.0, Trials.max = 61
Time.min = 0.01 sec., Time.avg = 0.01 sec., Time.max = 0.03 sec.

