992505 0.017398
992501 0.057698
Finish
Successes/Runs = 0/10000 
Cost.min = 992501, Cost.avg = 992501.87, Cost.max = 992776
Gap.min = 0.0000%, Gap.avg = 0.0001%, Gap.max = 0.0277%
Trials.min = 76, Trials.avg = 76.0, Trials.max = 76
Time.min = 0.01 sec., Time.avg = 0.02 sec., Time.max = 0.05 sec.

