1156183 0.021991
1156182 1.120813
Finish
Successes/Runs = 0/10000 
Cost.min = 1156182, Cost.avg = 1156182.96, Cost.max = 1156183
Gap.min = 0.0000%, Gap.avg = 0.0001%, Gap.max = 0.0001%
Trials.min = 85, Trials.avg = 85.0, Trials.max = 85
Time.min = 0.01 sec., Time.avg = 0.01 sec., Time.max = 0.02 sec.

