1101737 0.020730
1101472 0.027985
Finish
Successes/Runs = 0/10000 
Cost.min = 1101472, Cost.avg = 1101562.52, Cost.max = 1101737
Gap.min = 0.0000%, Gap.avg = 0.0082%, Gap.max = 0.0241%
Trials.min = 82, Trials.avg = 82.0, Trials.max = 82
Time.min = 0.00 sec., Time.avg = 0.02 sec., Time.max = 0.04 sec.

